4294967294,0
4294967278,0
4294967278,346
4294967279,539
4294967279,0
4294967278,368
4294967278,348
492,9
492,0
488,10
488,0
4294967278,353
4294967278,404
4294967278,345
488,9
492,8
492,7
492,6
4294967278,376
488,8
4294967278,337
4294967278,428
488,7
488,6
4294967278,436
4294967278,414
4294967278,403
4294967294,30
4294967294,164
4294967294,163
4294967294,1
4294967294,46
4294967294,5
4294967294,36
4294967294,388
4294967294,165
4294967294,167
4294967294,177
4294967278,242
4294967294,50
4294967294,175
4294967294,180
4294967294,183
4294967294,176
4294967294,12
4294967294,160
4294967294,168
4294967294,93
4294967294,95
4294967278,240
4294967294,166
4294967294,24
4294967294,189
4294967294,384
4294967294,120
4294967294,425
4294967294,973
4294967294,11
4294967294,81
4294967294,68
0,5
4294967294,7
4294967294,6
4294967294,22
4294967294,17
4294967294,39
4294967294,42
4294967294,67
4294967294,99
4294967294,76
4294967294,52
4294967294,471
4294967294,25
4294967294,26
4294967294,970
4294967294,82
4294967278,132
4294967278,131
4294967278,130
4294967278,129
4294967278,128
4294967278,127
4294967278,126
4294967278,125
4294967278,124
4294967278,123
4294967278,122
4294967278,121
4294967278,120
4294967278,119
4294967278,118
4294967278,117
4294967278,116
4294967278,411
4294967278,115
4294967278,114
4294967278,371
4294967278,113
4294967278,112
4294967278,111
4294967278,110
4294967278,109
4294967278,400
4294967278,108
4294967278,107
4294967278,435
4294967278,106
4294967278,323
4294967278,105
4294967278,104
4294967278,217
4294967278,103
4294967278,102
4294967278,101
4294967278,100
4294967278,99
4294967278,98
4294967278,97
4294967278,96
4294967278,95
4294967278,215
4294967278,94
4294967278,93
4294967278,92
4294967278,407
4294967278,91
4294967278,90
4294967278,382
4294967278,89
4294967278,87
4294967278,86
4294967278,85
4294967278,84
4294967278,83
4294967278,82
4294967278,81
4294967278,80
4294967278,342
4294967278,79
4294967278,78
4294967278,77
4294967278,76
4294967278,75
4294967278,74
4294967278,73
4294967278,72
4294967278,71
4294967278,70
4294967278,69
4294967278,68
4294967278,67
4294967278,66
4294967278,65
4294967278,64
4294967278,63
4294967278,62
4294967278,61
4294967279,84
4294967279,260
4294967279,77
4294967279,75
4294967279,72
4294967279,70
4294967279,69
4294967279,67
4294967279,64
4294967279,59
4294967279,57
4294967279,54
4294967279,52
4294967279,49
4294967279,46
4294967279,43
4294967279,41
4294967279,40
4294967279,38
4294967279,33
4294967279,29
4294967279,25
4294967279,23
4294967279,22
4294967279,21
4294967279,17
4294967279,11
4294967279,9
4294967279,8
4294967279,7
4294967279,6
4294967279,5
4294967279,4
4294967294,954
493,5
493,4
493,3
493,2
493,1
492,5
492,4
492,3
492,2
492,1
4294967278,221
490,5
490,4
490,3
490,2
490,1
488,5
488,4
488,3
488,2
488,1
487,6
487,5
487,4
487,3
487,2
487,1
4294967279,316
4294967294,428
486,5
486,4
486,3
486,2
486,1
485,5
485,4
485,3
485,2
485,1
484,4
484,3
484,2
484,1
483,5
483,4
483,3
483,2
483,1
482,4
482,3
482,2
482,1
4294967279,315
4294967278,433
481,5
481,4
481,3
481,2
481,1
4294967294,474
4294967279,289
4294967278,352
4294967279,276
4294967293,131
4294967293,130
4294967293,129
4294967293,128
4294967293,127
4294967293,126
4294967293,125
4294967293,124
4294967293,123
4294967293,122
4294967293,121
4294967293,120
4294967293,119
4294967293,118
4294967293,117
4294967293,116
4294967293,115
4294967293,114
4294967293,113
4294967293,112
4294967293,111
4294967293,110
4294967293,109
4294967293,108
4294967293,107
4294967293,106
4294967293,105
4294967293,104
4294967293,103
4294967293,102
4294967293,101
4294967293,100
4294967293,99
4294967293,98
4294967293,97
4294967293,96
4294967293,95
4294967293,94
4294967293,93
4294967293,92
4294967293,91
4294967293,90
4294967293,89
4294967293,88
4294967293,87
4294967293,86
4294967293,85
4294967293,84
4294967293,83
4294967293,82
4294967293,81
4294967293,80
4294967293,79
4294967293,78
4294967293,77
4294967293,76
4294967293,75
4294967293,74
4294967293,73
4294967293,72
4294967293,71
4294967293,70
4294967293,69
4294967293,68
4294967293,67
4294967293,66
4294967293,65
4294967293,64
4294967293,63
4294967293,62
4294967293,61
4294967293,60
4294967293,59
4294967293,58
4294967293,57
4294967293,56
4294967293,55
4294967293,54
4294967293,53
4294967293,52
4294967293,51
4294967293,50
4294967293,49
4294967293,48
